3.80815697503 58.9782570348
5.83145396122 86.935464227
3.37167705085 71.5357902823
5.90685289885 69.4646875752
4.7065169233 32.4950480581
2.96970449571 10.0553801533
2.81723595593 84.6043244901
1.40199631103 22.0138627927
8.1134304632 62.5697252331
8.64748847626 20.8510455171
3.82667616748 69.3700729489
8.97648800531 32.7023798263
9.94717736282 83.9280993618
4.4372149515 32.1226098227
4.15314064918 96.2330096992
6.6658269352 8.70428769909
4.81644529229 92.9544824545
8.13278251614 19.8272436789
1.96988567024 95.0354900796
3.98752730549 18.7236682885
8.43673424976 8.6886991943
4.46301278214 86.1742998986
4.96503774604 13.5870618093
4.51990464667 55.1837080035
3.6941758377 87.2545114483
3.49408880073 24.3699189608
3.82521700936 0.477595125201
3.44484119854 75.1281939867
2.07845360443 66.1554125525
4.92836845852 20.0709397116
3.87094813295 70.6205277439
0.778949645268 70.5476410454
8.91057594293 18.3639373644
5.38921143504 21.679569344
1.52095343073 10.7044410197
1.35414836464 94.2301633221
6.46823507128 8.00773206588
4.9612762882 23.4350347967
8.35583149799 36.1315806623
9.29997426216 58.3737932184
1.42594796481 92.7877363511
4.30669972956 53.0840183408
7.70645936252 81.5092691666
8.65125886847 26.7350079674
9.47153692423 9.87544214403
9.74107566509 86.0655339495
6.43013843442 18.6624936677
4.392782186 5.4096247623
8.07471579489 54.9462526773
3.64890773896 1.84071890611
1.43669204354 71.2051554817
4.71607817435 65.4367548857
8.40842264241 13.1356185238
9.89719342864 50.2189943728
4.8361236448 66.7214410601
5.75651511373 38.4200746842
1.61843866548 27.6033921788
2.23838217348 36.2528574191
7.0317978303 31.1029398937
9.46173755542 26.7840734138
2.98781142428 57.00167855
6.27998011879 8.93149423211
9.88305036546 8.69957707752
2.25771661131 87.5336408132
1.22432125445 43.2602260552
1.46292607841 14.5110718059
3.81836455827 51.5158196441
4.67559789225 43.6773527222
9.8994842261 87.44874059
1.83870647331 97.46239045
0.315290187909 72.9391387363
9.14994896958 84.0144755029
0.39381445831 4.73030023134
1.67380958441 1.02248505769
9.06642533971 57.8001060424
0.434779824279 39.0424392107
7.99718933455 55.7576033205
3.98726471744 39.9842734178
8.48311181237 67.2855584745
9.41758237733 41.667720152
1.55082131472 84.0652659189
0.673325379972 35.8394495843
7.98555264209 76.0893126603
1.76219735277 98.1139350351
0.99318665278 63.5610212435
1.83952325081 21.6862982447
6.47139516552 68.1734557943
2.42137806072 76.704028312
6.36921209743 42.1354681315
8.21476105146 59.5147721931
1.51702878064 40.1637118726
2.22885693907 91.0701908658
9.8609257527 16.5618537961
7.25133349368 86.5207451663
9.36870266137 74.1729123253
5.54720150617 26.0592517072
0.720638327325 21.1098085011
3.8843140949 74.9173483006
2.40719042053 67.8226943688
2.43309082947 11.7905720882
0.290089448 2.23800005703
1.59295673425 79.7000379817
2.48929207483 17.3061514255
4.55762801623 3.34985711135
1.70639533674 26.748630786
3.44167967439 21.2973883515
2.73546684007 20.1557007574
8.76873597177 48.9670715169
9.34523210995 62.5400240902
6.13304968939 15.5528127814
8.67531047505 98.322017825
2.04522668013 40.1684911325
6.07622665264 90.4684206959
6.52338246495 22.785729246
9.80538247522 62.8261470578
5.72951770682 29.2905025979
6.56894063489 23.66047564
2.36600107957 54.6682026841
4.72471255344 83.9967000526
4.27530336524 51.1239659527
8.65550695387 14.3197369631
9.0724858979 18.3119232746
0.06895750635 79.414957963
5.83358041191 63.9612516575
5.55942661721 6.01737904565
9.87849435505 43.9924340203
6.30423694066 93.1987255012
5.89701057783 16.676406244
1.74000631352 75.9591853523
8.71285324213 15.4663186306
6.43075358343 26.4031248854
9.82828093582 1.55021619303
7.62699601187 96.5022471591
2.38966828771 93.4492023261
5.04688105291 2.77595385314
6.34424619612 55.9121295074
5.92817288832 0.902496890738
6.1348443838 95.4376963836
7.74752179794 1.42829421314
3.04975640974 29.0850600446
4.25784161797 56.2702828776
3.43318084364 71.7131322237
7.46482429423 6.61490241246
1.1342598218 3.4399084147
4.14838361107 7.07734222213
6.09863219511 25.459393472
4.39632798991 53.4214475833
4.68510661912 16.7863842075
8.85390941196 9.69900239558
7.27848678407 48.8688291769
4.26222917344 79.4428834276
8.57519362267 20.9753523136
4.69874559117 87.9767236114
0.0660568038593 44.9122397903
3.75371306792 51.8349391178
4.91615854416 7.61128158989
6.11270941303 45.8626340692
4.00170927773 14.801032053
6.67059159576 82.0551342204
3.57222138623 26.4410922696
1.13063512926 10.5759862337
5.37020191629 45.7797175736
8.71895647092 59.751052619
8.15654567107 95.1031372322
8.18724850843 10.2946154775
5.17273711214 29.9940019115
0.563748400286 18.5907881461
5.66122913715 68.5681690011
2.27791394732 70.7844387489
0.928716601743 43.0208720895
7.25353505445 28.769299012
1.60039994541 54.4643768443
1.51318348694 34.8826445118
1.03182607715 63.7250537282
5.39922850007 7.18999665643
9.41430383098 20.9957227638
3.13512174176 38.6822075121
4.45947809957 40.2787250637
8.67710126171 19.5558060941
0.535793717677 12.3339173024
1.53687075357 49.3807076603
8.64320228337 19.3644174677
8.1412528821 82.516841975
9.32748707082 4.42472444438
6.02647268138 0.439265284006
9.41995104852 50.9618710118
2.62913216687 26.3997464737
1.02205699567 47.979522486
5.15537626289 55.7211442592
5.14814861882 8.18018358698
9.40665970445 33.0601304764
3.3064585523 64.8142867308
3.68444701834 21.3738552677
5.08140701671 61.6477635019
3.92837626495 56.5426894785
9.56749431714 61.4330208225
0.47434308327 86.1240714603
7.0599520721 61.9947158376
3.99442202911 24.6429353971
8.35210722139 17.7307979411
5.25826617824 0.338433754301
8.514168304 18.3655529472
1.56046212378 90.5491177521
1.81589632626 19.9820334677
4.65152470986 67.476831541
7.31050543358 5.82096467572
2.42687649071 29.9278490328
4.81335554823 45.2935920963
0.17251238672 55.2428993569
9.95864610722 10.7657127693
7.42014289894 26.72146278
8.1941284469 49.603712005
4.6367446042 12.1998811032
1.52155511959 76.5956140633
2.88005658723 16.4812946634
1.60302345799 86.2336202287
3.80468476149 90.3460543744
4.75737142363 24.0374039614
2.59475410574 87.5469475393
9.88909426031 12.3381154676
2.0868978813 59.864122075
2.22772620847 2.66583075555
4.46127149161 60.4292632271
7.77169186117 39.0396605018
9.67334814299 92.7177895553
4.57016736748 78.2773365392
5.58681240829 58.168129404
7.23459114283 53.266177874
9.68654332729 89.9935447784
4.10602613282 92.7236850357
2.40613908637 77.411384905
5.22399849793 67.3885355231
4.03653740357 16.1875873368
0.914140953874 47.8270733757
1.01978112468 79.2935406381
9.4591627951 1.32327511458
9.61985424879 37.2342566066
2.91822025749 3.53742690564
1.03153638235 84.9841044827
4.33508399707 85.465968366
9.42252877426 2.37586716129
8.05468932397 73.0039389397
6.33383278886 8.30681483067
6.35534957858 72.674190909
8.59337508941 96.1384576176
3.46352363974 60.2877050058
5.54102928196 22.2946175847
6.57942599565 43.9465661926
9.54141123744 30.5833952229
7.26480783357 29.0369743476
5.45650434796 99.3347441081
1.40026920007 0.338416288614
8.18029495402 80.3836242829
9.81018203123 36.2197626472
5.77677218026 25.2552984207
8.49234134396 67.6995388156
8.76523656418 21.3121982064
0.479439835893 28.6212193181
7.51214298881 97.2228883227
3.4480037051 64.7118758957
1.63225822588 56.469542307
4.38035964862 92.9076823308
4.80259605327 39.4176330863
8.42526468584 28.9943250917
1.95773935086 69.1560696147
2.43650265864 69.8297435951
8.00937056096 60.9193440942
6.2095600683 96.4187881447
3.95542762624 75.3935231148
1.55688335868 50.5595226207
2.99788461664 52.0974874798
5.68298551965 58.0409217259
2.26108380049 0.00356423491317
5.85104493527 23.7475369025
6.39411997923 3.22752120734
5.25451632824 51.202206943
1.14669149318 9.39135555232
3.00985431903 18.1677797282
3.43423181319 3.35748393949
3.42155679921 38.5421836616
5.40197306216 27.873734894
0.0601768664861 64.7590027274
7.70681594309 30.1613616535
8.97197850076 13.7768031109
3.28629996883 68.6487318458
7.87786236069 68.9219996841
6.43857687735 80.2715327208
7.36290452576 19.2629592168
7.90250472022 41.3682129633
1.38257228415 32.2850014707
9.64688584528 86.4204168998
8.40007364213 52.245868551
6.76152002765 75.2011359399
1.99573115057 39.1633597184
4.46894903934 61.562580498
6.3426643507 40.5224685522
7.54440223162 67.2224061891
4.1096223025 17.7878220768
9.01889833551 9.66511954584
9.63711822545 81.7403595483
0.586900092459 70.663583635
3.56112432086 55.9087121722
1.63093454126 83.2403502659
3.42830617518 23.5659917617
7.85516687269 78.6936866171
0.310880098224 87.4266231308
1.22294378566 67.4502209832
7.40833954203 95.8476536848
2.76410064165 38.5994286282
0.794595840827 29.4806211762
4.41151917081 13.2343282805
9.30866467532 25.0486331634
5.39816461104 57.2583399256
6.20166249623 23.2915161264
6.20106054951 43.0619786341
6.65415866217 96.7443889297
4.30008210599 88.592537337
4.95929956721 64.2034473756
5.86030546457 92.9138005735
7.30251135791 12.7327994777
1.97527784417 44.0129455799
8.57796466054 24.047025313
6.30050619953 9.22792110482
0.542454565758 10.2148848841
4.80722996293 74.4325847518
7.1827495209 58.7478202708
5.86786344405 5.27186421157
2.5534527884 7.74983479677
0.402085127189 17.2940301857
3.72505317054 2.24083745244
0.547944560921 11.014996268
2.37076199952 19.1602066376
2.58636061458 65.453362958
8.32063062062 41.7001478037
3.23824944726 19.8419049055
5.16436767083 40.4249884174
4.8953694892 18.418149626
7.70727399036 3.57409526661
9.33035021388 75.7604686845
7.370267278 11.0200114111
1.44405886698 41.8057328018
3.99261739606 73.2281394588
2.81344074175 13.5294576456
3.66772388024 6.52962526185
8.2849029451 65.8433068041
3.85830451996 61.8923832838
7.32273491827 30.9221134886
4.30618687992 4.88877132243
9.62965844821 81.6219991178
8.67707143188 15.6619100458
7.38569799124 17.3489319543
0.696283710121 33.3641463665
7.05680407315 55.5904490617
8.52077082695 17.6279055504
2.1665456715 20.864736651
3.29893350575 71.761885565
1.83866293473 77.6510444062
4.20005994508 64.5465754383
1.21026179315 86.0321326898
6.57118578757 52.2974021483
4.9601585226 15.8875981995
6.11804237784 66.7498386478
8.57769780705 32.893803145
0.115867807442 95.5333531151
6.12692396672 59.0499529676
2.92121803033 91.7521219287
7.1957516403 20.5442070963
5.21873215872 13.8999686468
9.53738136704 73.4172283081
5.25328402302 85.9534802757
2.92820895181 91.8898056472
5.29549268451 37.7564933933
3.89514576863 29.9747869772
0.0854041057258 39.0344052621
7.16829911048 12.9761970707
9.34253208699 14.462263584
4.08407394726 29.7000364259
3.97905006386 25.6426936852
2.5200959077 89.5814085597
8.00046085768 10.0945047651
3.16939045457 78.4403425506
9.41916233626 58.2544608437
2.7425168669 75.9819198099
1.28569574023 60.3358191965
4.86503201117 92.4720933418
8.48193277309 66.1975429867
6.93593918269 64.031471806
7.39164890331 47.3689334175
7.18822747536 69.1723931744
0.630321062032 24.1558478092
3.730036094 11.2063413414
9.69547887231 57.0104614302
5.38558783212 92.5489110887
2.21621608595 48.0102470115
8.23053309231 24.5633498614
3.14383372768 55.2220880212
5.96736173131 40.9830374694
3.43537155505 98.7426805953
3.1519354596 23.8209424122
2.61150062406 9.09407014861
0.283103412125 28.8371853865
5.6767913946 96.2454259068
2.95314056504 15.4695456532
6.84173802519 13.8302963971
5.0583283009 50.5366000648
2.02532006594 28.4718333682
9.33330050945 19.1718742684
7.64787873677 35.2517822802
0.0808999133198 37.7153931827
4.62480586963 54.6909764002
8.8111332343 82.5563199816
5.62935483875 27.8410008243
9.30048602706 28.2705022455
7.04617105814 42.0408425975
3.21731996644 98.1932410817
4.12150859487 23.3343291581
4.48096703908 97.2908316378
8.04826331101 15.5899009974
5.70230852446 38.3396737146
8.16928490891 84.1315473909
9.54184733726 61.2959156401
1.10323869724 24.070226395
1.58027729787 14.0705685076
7.98868274988 99.1037527797
5.76492711048 57.1879434508
5.9133581123 31.2022890049
5.68934315176 31.5234954461
7.6316476726 80.427252368
6.62322414765 84.7356120562
0.941322735943 85.50080537
6.96420606119 14.0608090046
4.99138411557 97.7367087207
8.68367812705 6.37491758815
5.86484700299 81.3779871841
5.70459840017 16.3414457104
7.9484818752 79.4912986784
2.64896260093 25.2051979121
3.66104176598 85.520675637
5.78197810955 0.50893185849
0.395678986302 26.4191242704
4.89582276423 2.23793912662
1.77177002533 30.118468727
0.0916128867299 98.3490188204
0.882905134813 47.0841388018
9.5211058593 46.1333244148
2.88282987994 19.0355525865
5.0698238003 12.9730830465
6.77429582422 63.1990796709
9.34450564659 62.4620978297
3.97638577846 20.2760508431
8.40730743433 11.700704315
0.495317906434 3.43710613351
3.42591450695 89.7220073551
2.54854238584 99.1163866867
8.43558419283 69.1317330483
7.17895863676 64.5042137792
3.80420007175 93.2140671731
0.440603140083 91.0469738723
5.46476106747 16.4707551965
0.0434489240363 2.04017529422
7.42773917636 26.4901112944
8.78626577663 53.7761988125
0.547528429073 96.1244463336
5.99346692106 92.3515319997
8.75021002036 87.2310363058
8.51719548724 63.2178836897
6.09088609257 81.4522329169
9.80041060968 47.620252906
5.616252949 70.5626332085
3.90223641953 71.5704222808
1.41829209682 48.5000053707
2.69387228084 21.0670128621
4.21705381419 72.1979625522
0.607077748847 25.743968506
9.76577157938 80.1027263969
9.26574871644 54.4252726105
5.2876670586 32.1628902885
4.78152706329 58.7498539483
5.80961201479 28.7208235676
1.31481051786 82.9370976794
7.06057878943 63.7596056095
2.83511465253 3.02146955722
4.63966445442 6.95665879673
4.35756149831 3.96647666841
5.48608143918 80.1961086056
2.8581175537 18.2223945091
7.35277200771 98.9874730647
8.67340488035 25.3605941699
3.66554070974 15.1411541778
8.14301404396 98.5429075908
8.00739636178 69.7256223753
2.10603956898 71.0785072322
2.98166422576 46.7177814191
0.538011645384 99.6027129815
6.18719573034 46.3705331809
6.1701704794 18.083197733
5.4429854275 73.7937673626
4.52352360358 5.72112485464
5.25605261778 48.7993204617
5.39124377342 61.5136631714
6.26585097001 84.5487152793
0.770274021084 49.2011967505
3.11629760514 78.8549450584
8.51700558011 25.2092674646
1.56750462223 47.6334406153
3.48363872282 93.981464098
5.16520580368 72.9170429007
5.96370448609 46.3688457727
0.139673017264 76.6114428865
8.71478906924 12.1851904721
2.45057711401 74.5811096146
4.57747849617 36.351609887
3.0903099573 57.9571874055
8.94292770754 46.3973735856
2.71846423025 65.5805146461
3.76878257292 13.5100672821
9.90506311785 97.7340820676
0.880241207332 78.254594416
3.85585480281 39.5677021622
9.38706843625 11.9204803223
7.01102634601 34.1116698225
1.63061051784 45.2225727695
5.68544127291 37.8513324352
3.01607357174 39.6596658527
9.1770734969 19.8460141093
1.57600541109 20.4321114511
6.63321591235 26.9462968378
8.46188053502 26.971168739
0.0767322070941 33.9985187963
7.31544871215 27.3864797088
0.726586714447 16.5000167102
6.02877365888 41.3363275153
6.62366086045 93.0401209374
1.84555448141 39.1916146502
6.71082264955 91.924644339
0.930465757679 5.23122681692
5.36195054132 53.648329094
3.33248017848 74.8079605132
2.00844540468 70.0537531708
5.45432708839 53.5824162896
8.02116805968 92.3779429251
0.021200504351 45.0355172945
7.72801620786 39.2134327618
2.33678353067 68.4763256819
9.45505433212 74.5271422548
1.32235336648 73.397919814
9.13673444726 43.0852047277
5.14075627652 87.9777167748
9.95984496637 35.1042774119
6.69242160003 71.5642769742
6.69361450916 37.5355400099
8.25133001146 80.7687519455
9.93967824206 14.9697282672
6.08907130574 85.0173636499
6.73487717976 55.7727986536
5.11996859688 1.05902884999
4.39043296249 24.9074368394
2.78180115234 86.5904099027
1.03991461528 83.2102992559
5.73886244196 21.5324913671
1.34271519715 84.8962808717
0.979408284966 56.4136776802
1.55435477424 59.1269107555
7.9132265084 3.73129134083
0.99384034689 25.1508103731
5.61088804882 36.3924311141
7.37498601628 69.9204515871
2.77639949292 73.1392540028
2.84070503802 38.0484581635
8.46637427856 0.500521746832
6.20088822598 98.145014191
2.71481812726 33.162536312
2.6928903714 86.9118195229
5.32081987265 59.4051243956
7.98172563114 25.256159493
8.22512515664 96.0570871734
0.827369470088 85.294305533
5.75324889778 2.06230169029
1.95721440875 14.5951154672
1.04785959197 37.9913698692
1.81015946255 13.5334871495
6.28290236875 33.9674330676
9.99505099161 4.27655268474
4.28316949077 47.5120444447
6.31649869017 34.3136572421
4.33746222509 26.3608355536
4.50879413276 69.2806555891
2.82213974271 11.4845102807
7.65775964243 34.1963998974
1.66047661173 29.0143192231
0.307367752016 69.8237828494
7.21390587975 25.1718635066
3.47379877986 69.1915211034
9.08087852989 38.1535795054
6.42887925305 87.5303437774
2.67597867339 53.2054126902
2.471196608 68.7119540601
0.659882340058 34.789378919
3.29571791737 7.8778327166
5.31730838689 7.44392074257
1.45661809164 4.91948934271
7.13584336828 51.5968172569
7.75917104393 60.5539940474
4.44131651141 43.2817629789
8.23976214078 23.4400072657
8.96588167647 50.3734312279
1.7690032554 6.55741784712
0.12485307429 17.7810084829
3.7794910029 44.3611427816
4.36470288222 89.0891486367
2.9400259378 88.21107118
3.91009367617 58.5590820477
4.91535678271 98.0500375177
0.76228966097 42.9359513173
0.832473248336 11.3943943584
7.36428740118 77.0872793372
3.63188257505 11.1339492642
5.53561034262 14.6772903957
2.2509879679 48.7157512076
1.02976444382 43.7102421415
8.49564817506 4.51141715304
6.76997635613 67.467806617
5.48405968478 55.2782818583
8.04476375915 90.1438124109
1.22080085984 38.8895798047
4.26138532416 4.82937584297
4.969633545 37.5724842692
1.96768270476 96.7439643422
3.57927850433 36.2625842372
9.9404628187 45.7609447108
3.28907873236 81.1274412851
2.82428532726 68.0440252687
6.04193555054 99.4070952553
1.44138296578 82.537243645
9.08773726781 50.3066573995
4.63563695603 82.2557933675
1.176867849 30.9689595541
3.24763744366 96.0280995196
6.2187743344 37.1407155989
6.30023129694 61.5897169486
4.5465730277 33.7403730634
1.98435553827 10.505442405
4.37632248498 76.6171436375
0.683811761708 66.1850779292
0.228199750353 84.5098798136
5.67298839898 36.6012473462
2.00322425386 34.152719435
4.74902287581 89.2197030909
6.21216554383 24.8576825472
7.85827546296 68.5840861175
6.79133419899 40.3638088858
1.47847225587 80.1933394427
1.80914981303 5.40599620447
3.68912193386 27.159116757
3.3820899599 96.150548614
9.60514782527 10.5477712459
9.71852707798 42.0511291427
0.146397795515 53.1977471777
1.73925773247 42.5676359245
0.616848533479 80.8081161328
8.81756716856 55.3842720729
2.1588356122 61.3516985146
5.08150958612 4.53759870449
1.11467349479 68.7806827878
9.92753427732 19.9968587989
0.244691129984 83.2986269088
2.5212679213 73.8872089164
7.35825259443 87.6980647758
3.14268973685 48.3344428249
6.16057012595 64.0761810056
4.25857574888 24.9898988357
1.06998161542 52.6850484417
4.73809343871 21.056830777
2.5065315553 44.8626345009
3.74493937665 42.8194079949
9.42804844132 76.1935152647
7.28546905166 24.9396790583
2.10455965889 67.5805633224
6.28209084227 80.4898161728
5.88882982701 97.1498641456
4.65919753643 24.9028340457
5.3688571797 9.50013716083
6.83817010856 38.2856642446
3.39657257365 40.0169786738
3.60063557875 26.3140488154
1.56850512556 49.3505519143
0.964155308935 7.76312172257
9.81934517955 5.4301271813
8.364686838 13.0974519013
4.58512382757 21.0537409074
6.39093515731 60.8372326206
4.96879359074 62.6449800005
1.52320086141 21.994499115
1.99411671971 39.0287056464
5.88379788085 88.5940904905
5.85864648422 68.8764306329
7.04837378936 64.9673705956
9.33975817685 16.788329198
1.25174013636 3.55773926362
1.45065103447 35.5002568276
2.17777445355 33.8555396404
0.0203424356618 35.5813563671
6.75671427279 8.88945738734
0.615519198997 87.5450425883
7.74564571458 77.5479332772
2.01311049459 90.9354247039
7.07849695323 31.5594610967
4.38107853256 58.7341102628
3.82506992408 11.3186624106
6.7733584786 41.2305000421
5.25902870043 9.09410823592
7.55273121733 72.4642302232
8.81042772615 10.386975322
9.47740321879 50.259903411
8.93419357051 85.020294256
0.458106017705 12.44374351
3.04443137407 52.0561103683
9.47999941894 35.8757912322
3.71340033611 30.6582749629
0.397142826527 24.4729751204
5.85420100692 36.2193129723
0.577759735252 9.27503856155
3.85994517168 59.9861839143
7.63150577487 74.9433185467
5.35213981404 6.04443093529
3.40267459496 23.0813824726
3.0216641488 80.9290707201
3.16117281502 97.6152302341
1.32968952598 76.5476971827
7.02722370641 21.5040120763
3.3321209625 1.76934089075
4.58353948885 83.9545662791
6.48544689589 89.3570470223
1.89485291833 85.1076978728
9.35877379014 19.9973495168
7.81465006073 86.8237596624
6.64624207766 0.589343773881
9.33541855705 26.5034579183
3.42861154208 57.9131964448
2.65687512431 70.7892908682
7.37173307608 25.9070944411
9.65056205631 19.058323736
4.47695033633 27.7325954885
8.83109022739 29.7497063473
8.2309015452 62.0191689487
6.73242613213 39.4339077032
3.4935629998 79.8793981016
3.29176126799 66.3691124091
2.68189616944 82.8234103154
6.4135820704 98.7986530445
8.97434997173 84.1028065643